"frame_height": 1024
"frame_width": 1280
"fx" : 1618.7014
"fy" : 1618.7014
"ppx" : 529.00488
"ppy" : 590.34341
